                   MESA MANUFACTURING COMPANY
                            Payroll

Employ Pay                                                 Total TotHour  Gross
 Num   Rate   Monday  Tuesday  Wednsday  Thursday Friday   Hours Rounded  Salary
---------------------------------------------------------------------------------
16025  8.89     800     730       800       800    420      3550  35.75   317.81
19122  9.50     615     800       800       800    800      3815  38.25   363.37
21061 12.25     805     800       735       515    735      3630  36.50   447.12
45387 10.50    1045    1030       800       945    800      4700  47.00   530.25
50177 11.15     800     415       800       545    600      3200  32.00   356.80
61111  8.50     930     800       800      1025    905      4500  45.00   403.75
88128  9.25     800     900       800       800    700      4000  40.00   370.00
38023  9.00     800     800       755       800    800      3955  40.00   360.00
---------------------------------------------------------------------------------
                6635    6315     6330      6310   5800     31430  314.50  3149.10
